metrics:
  accuracy: 0.635
  f1: 0.12048192771084339
  precision: 0.2
  recall: 0.08620689655172414
  roc_auc: 0.4607819329771734
model_name: gradient_boosting
timestamp: '2026-01-11T10:38:04.563511'
